7.0000000e-02 7.0000000e-02 7.0000000e-02 7.0000000e-02 7.0000000e-02 7.0000000e-02 7.0000000e-02 7.0000000e-02 7.0000000e-02 7.0000000e-02 7.0000000e-02 7.0000000e-02 7.0000000e-02 7.0000000e-02
7.0000000e-02 7.0000000e-02 7.0000000e-02 7.0000000e-02 7.0000000e-02 7.0000000e-02 7.0000000e-02 7.0000000e-02 7.0000000e-02 7.0000000e-02 7.0000000e-02 7.0000000e-02 7.0000000e-02 7.0000000e-02
7.0000000e-02 7.0000000e-02 7.0000000e-02 7.0000000e-02 7.0000000e-02 7.0000000e-02 7.0000000e-02 7.0000000e-02 7.0000000e-02 7.0000000e-02 7.0000000e-02 7.0000000e-02 7.0000000e-02 7.0000000e-02
7.0000000e-02 7.0000000e-02 7.0000000e-02 7.0000000e-02 7.0000000e-02 7.0000000e-02 7.0000000e-02 7.0000000e-02 7.0000000e-02 7.0000000e-02 7.0000000e-02 7.0000000e-02 7.0000000e-02 7.0000000e-02
7.0000000e-02 7.0000000e-02 7.0000000e-02 7.0000000e-02 7.0000000e-02 7.0000000e-02 7.0000000e-02 7.0000000e-02 7.0000000e-02 7.0000000e-02 7.0000000e-02 7.0000000e-02 7.0000000e-02 7.0000000e-02
7.0000000e-02 7.0000000e-02 7.0000000e-02 7.0000000e-02 7.0000000e-02 7.0000000e-02 7.0000000e-02 7.0000000e-02 7.0000000e-02 7.0000000e-02 7.0000000e-02 7.0000000e-02 7.0000000e-02 7.0000000e-02
7.0000000e-02 7.0000000e-02 7.0000000e-02 7.0000000e-02 7.0000000e-02 7.0000000e-02 7.0000000e-02 7.0000000e-02 7.0000000e-02 7.0000000e-02 7.0000000e-02 7.0000000e-02 7.0000000e-02 7.0000000e-02
7.0000000e-02 7.0000000e-02 7.0000000e-02 7.0000000e-02 7.0000000e-02 7.0000000e-02 7.0000000e-02 7.0000000e-02 7.0000000e-02 7.0000000e-02 7.0000000e-02 7.0000000e-02 7.0000000e-02 7.0000000e-02
7.0000000e-02 7.0000000e-02 7.0000000e-02 7.0000000e-02 7.0000000e-02 7.0000000e-02 7.0000000e-02 7.0000000e-02 7.0000000e-02 7.0000000e-02 7.0000000e-02 7.0000000e-02 7.0000000e-02 7.0000000e-02
7.0000000e-02 7.0000000e-02 7.0000000e-02 7.0000000e-02 7.0000000e-02 7.0000000e-02 7.0000000e-02 7.0000000e-02 7.0000000e-02 7.0000000e-02 7.0000000e-02 7.0000000e-02 7.0000000e-02 7.0000000e-02
7.0000000e-02 7.0000000e-02 7.0000000e-02 7.0000000e-02 7.0000000e-02 7.0000000e-02 7.0000000e-02 7.0000000e-02 7.0000000e-02 7.0000000e-02 7.0000000e-02 7.0000000e-02 7.0000000e-02 7.0000000e-02
7.0000000e-02 7.0000000e-02 7.0000000e-02 7.0000000e-02 7.0000000e-02 7.0000000e-02 7.0000000e-02 7.0000000e-02 7.0000000e-02 7.0000000e-02 7.0000000e-02 7.0000000e-02 7.0000000e-02 7.0000000e-02
7.0000000e-02 7.0000000e-02 7.0000000e-02 7.0000000e-02 7.0000000e-02 7.0000000e-02 7.0000000e-02 7.0000000e-02 7.0000000e-02 7.0000000e-02 7.0000000e-02 7.0000000e-02 7.0000000e-02 7.0000000e-02
7.0000000e-02 7.0000000e-02 7.0000000e-02 7.0000000e-02 7.0000000e-02 7.0000000e-02 7.0000000e-02 7.0000000e-02 7.0000000e-02 7.0000000e-02 7.0000000e-02 7.0000000e-02 7.0000000e-02 7.0000000e-02